$ 1 0.000005 10.20027730826997 50 5 43 5e-11
r 560 -784 560 -720 0 1000
r 640 -784 640 -720 0 1000
r 720 -784 720 -720 0 1000
r 800 -784 800 -720 0 1000
r 880 -784 880 -720 0 1000
r 960 -784 960 -720 0 500
r 576 -720 624 -720 0 500
r 656 -720 704 -720 0 500
r 736 -720 784 -720 0 500
r 816 -720 864 -720 0 500
r 896 -720 944 -720 0 500
w 560 -720 576 -720 0
w 624 -720 640 -720 0
w 640 -720 656 -720 0
w 704 -720 720 -720 0
w 720 -720 736 -720 0
w 784 -720 800 -720 0
w 800 -720 816 -720 0
w 864 -720 880 -720 0
w 880 -720 896 -720 0
w 944 -720 960 -720 0
r 496 -720 544 -720 0 500
w 544 -720 560 -720 0
R 560 -784 560 -832 0 0 40 2.5 0 0 0.5
R 640 -784 640 -832 0 0 40 2.5 0 0 0.5
R 720 -784 720 -832 0 0 40 2.5 0 0 0.5
R 800 -784 800 -832 0 0 40 2.5 0 0 0.5
R 880 -784 880 -832 0 0 40 2.5 0 0 0.5
R 960 -784 960 -832 0 0 40 2.5 0 0 0.5
S 352 -576 320 -576 0 1 false 0 2
g 320 -560 288 -560 0 0
R 320 -592 272 -592 0 0 40 5 0 0 0.5
r 352 -576 400 -576 0 2000
r 400 -576 400 -512 0 1000
r 400 -512 400 -448 0 1000
r 352 -512 400 -512 0 2000
R 320 -528 272 -528 0 0 40 5 0 0 0.5
g 320 -496 288 -496 0 0
S 352 -512 320 -512 0 1 false 0 2
r 400 -448 400 -384 0 1000
r 352 -448 400 -448 0 2000
R 320 -464 272 -464 0 0 40 5 0 0 0.5
g 320 -432 288 -432 0 0
S 352 -448 320 -448 0 1 false 0 2
S 352 -256 320 -256 0 1 false 0 2
g 320 -240 288 -240 0 0
R 320 -272 272 -272 0 0 40 5 0 0 0.5
r 352 -256 400 -256 0 2000
r 400 -256 400 -192 0 1000
S 352 -320 320 -320 0 1 false 0 2
g 320 -304 288 -304 0 0
R 320 -336 272 -336 0 0 40 5 0 0 0.5
r 352 -320 400 -320 0 2000
r 400 -320 400 -256 0 1000
r 400 -384 400 -320 0 1000
r 352 -384 400 -384 0 2000
R 320 -400 272 -400 0 0 40 5 0 0 0.5
g 320 -368 288 -368 0 0
S 352 -384 320 -384 0 1 false 0 2
S 352 -64 320 -64 0 1 false 0 2
g 320 -48 288 -48 0 0
R 320 -80 272 -80 0 0 40 5 0 0 0.5
r 352 -64 400 -64 0 2000
r 400 -64 400 0 0 2000
S 352 -128 320 -128 0 1 false 0 2
g 320 -112 288 -112 0 0
R 320 -144 272 -144 0 0 40 5 0 0 0.5
r 352 -128 400 -128 0 2000
r 400 -128 400 -64 0 1000
r 400 -192 400 -128 0 1000
r 352 -192 400 -192 0 2000
R 320 -208 272 -208 0 0 40 5 0 0 0.5
g 320 -176 288 -176 0 0
S 352 -192 320 -192 0 1 false 0 2
R 448 0 448 -48 0 0 40 2.5 0 0 0.5
w 400 0 448 0 0
w 560 -720 560 -688 0
w 640 -720 640 -688 0
w 720 -720 720 -688 0
w 800 -720 800 -688 0
w 880 -720 880 -688 0
w 960 -720 960 -688 0
r 1024 -592 1024 -512 0 47000
g 1024 -512 1024 -480 0 0
w 496 -720 480 -720 0
w 400 -576 400 -592 0
w 480 -720 400 -720 0
w 400 -720 400 -592 0
w 480 -720 480 -688 0
S 480 -688 480 -656 0 0 false 0 2
S 560 -688 560 -656 0 0 false 0 2
S 640 -688 640 -656 0 0 false 0 2
S 720 -688 720 -656 0 0 false 0 2
S 800 -688 800 -656 0 0 false 0 2
S 880 -688 880 -656 0 0 false 0 2
S 960 -688 960 -656 0 0 false 0 2
w 464 -656 464 -592 0
w 464 -592 544 -592 0
w 544 -592 624 -592 0
w 544 -656 544 -592 0
w 624 -592 704 -592 0
w 624 -656 624 -592 0
w 704 -592 784 -592 0
w 704 -656 704 -592 0
w 784 -592 864 -592 0
w 784 -656 784 -592 0
w 864 -592 944 -592 0
w 864 -656 864 -592 0
w 944 -592 1024 -592 0
w 944 -656 944 -592 0
o 82 64 0 135171 5 0.00009765625 0 2 82 3
o 82 32 0 135171 0.0000762939453125 0.00009765625 1 2 82 3
